
Input Matrix A:
      2.0000       1.0000      -1.0000 
     -3.0000      -1.0000       2.0000 
     -2.0000       1.0000       2.0000 

Determinant det(A) = -1.000000

Cofactor Matrix C:
     -4.0000       2.0000      -5.0000 
     -3.0000       2.0000      -4.0000 
      1.0000      -1.0000       1.0000 

Adjugate Matrix adj(A) = C^T:
     -4.0000      -3.0000       1.0000 
      2.0000       2.0000      -1.0000 
     -5.0000      -4.0000       1.0000 

Inverse Matrix A^{-1} = adj(A)/det(A):
    4.000000     3.000000    -1.000000 
   -2.000000    -2.000000     1.000000 
    5.000000     4.000000    -1.000000 
